0     10.387720
1      3.899553
2     11.831213
3     11.866702
4      1.951451
5     -2.391800
6     11.027861
7      8.727387
8     -1.182242
9     17.835330
10     4.548008
11     5.089937
12     8.752041
13     5.185439
14    12.198913
15     8.288319
16     2.492069
17    13.084547
18    13.021268
19     8.199759
20    19.225460
21    14.220924
22    10.913937
23    14.234699
24     7.768607
dtype: float64
count    25.000000
mean      8.847084
std       5.437832
min      -2.391800
25%       5.089937
50%       8.752041
75%      12.198913
max      19.225460
dtype: float64
